AccuracyStats: 3 100.000000
AccuracyStats: 7 100.000000
AccuracyStats: 11 100.000000
AccuracyStats: 15 100.000000
